742
6
304645
64474
0 1 1 5 124 7 (D 0,1,1) (S 1,1,2) (S 1,2,3) (S 3,3,3) (S 6,3,4) (S 4,4,4) (D 0,1,1)
0 1 2 5 130 7 (D 0,1,1) (S 2,1,4) (S 2,2,2) (S 2,2,4) (S 3,2,9) (S 10,9,10) (D 0,1,1)
0 1 3 5 108 7 (D 0,1,1) (S 3,1,7) (S 7,7,7) (S 7,7,8) (S 9,8,11) (S 11,11,11) (D 0,1,1)
0 1 4 5 134 7 (D 0,1,1) (S 4,1,10) (S 10,10,10) (S 11,10,11) (S 10,8,10) (S 8,7,12) (D 0,1,1)
0 1 5 5 65 7 (D 0,1,1) (S 5,1,12) (S 9,12,6) (S 12,12,12) (S 8,7,6) (S 4,5,6) (D 0,1,1)
0 1 6 4 181 6 (D 0,1,1) (S 5,5,11) (S 11,9,11) (S 6,5,12) (S 7,5,3) (D 0,1,1)
