523
6
289371
163196
0 1 1 5 100 7 (D 0,1,1) (S 10,1,9) (S 9,9,11) (S 12,8,11) (S 24,8,10) (S 17,10,11) (D 0,1,1)
0 1 2 5 61 7 (D 0,1,1) (S 16,1,10) (S 5,7,7) (S 15,7,12) (S 6,12,12) (S 4,6,6) (D 0,1,1)
0 1 3 5 99 7 (D 0,1,1) (S 20,1,7) (S 21,7,10) (S 7,6,12) (S 22,6,8) (S 3,5,5) (D 0,1,1)
0 1 4 5 134 7 (D 0,1,1) (S 2,4,4) (S 11,4,12) (S 14,5,11) (S 25,9,10) (S 13,2,3) (D 0,1,1)
0 1 5 5 90 6 (D 0,1,1) (S 1,2,2) (S 19,2,9) (S 8,3,4) (S 23,5,12) (D 0,1,1)
0 1 6 1 39 3 (D 0,1,1) (S 18,3,5) (D 0,1,1)
