1403
9
2165472
15757923
0 1 1 75 166 13 (D 0,1,1) (S 51,1,7) (S 6,7,7) (S 10,13,13) (S 67,13,7) (S 9,12,12) (S 36,12,13) (S 41,12,19) (S 52,19,20) (S 17,20,20) (S 53,20,19) (S 32,22,23) (D 0,1,1)
0 1 2 73 110 6 (D 0,1,1) (S 5,6,6) (S 72,6,1) (S 15,18,18) (S 16,19,19) (D 0,1,1)
0 1 3 75 130 8 (D 0,1,1) (S 1,2,2) (S 34,8,14) (S 11,14,14) (S 30,14,15) (S 12,15,15) (S 35,15,22) (D 0,1,1)
0 1 4 73 153 11 (D 0,1,1) (S 55,15,21) (S 18,21,21) (S 29,21,22) (S 46,22,28) (S 24,28,28) (S 59,28,22) (S 19,23,23) (S 20,24,24) (S 61,34,28) (D 0,1,1)
0 1 5 75 161 13 (D 0,1,1) (S 45,8,9) (S 38,9,10) (S 7,10,10) (S 43,10,3) (S 2,3,3) (S 40,3,9) (S 56,9,15) (S 49,21,15) (S 63,20,14) (S 64,21,20) (S 22,26,26) (D 0,1,1)
0 1 6 73 169 12 (D 0,1,1) (S 21,25,25) (S 31,25,26) (S 28,26,31) (S 50,31,32) (S 27,32,32) (S 47,32,27) (S 23,27,27) (S 48,27,32) (S 37,33,34) (S 42,34,24) (D 0,1,1)
0 1 7 74 226 14 (D 0,1,1) (S 25,29,29) (S 70,29,18) (S 26,30,30) (S 33,30,31) (S 69,33,32) (S 62,28,34) (S 71,28,27) (S 57,24,11) (S 8,11,11) (S 54,11,5) (S 65,5,11) (S 44,4,3) (D 0,1,1)
0 1 8 75 174 9 (D 0,1,1) (S 13,16,16) (S 39,16,17) (S 14,17,17) (S 58,16,23) (S 60,11,10) (S 66,3,10) (S 3,4,4) (D 0,1,1)
0 1 9 21 114 4 (D 0,1,1) (S 68,11,24) (S 4,5,5) (D 0,1,1)
