36062
17
25934642
156757925
0 1 1 1642 1941 8 (D 0,11,11) (S 2,2,2) (S 1,1,1) (S 10,10,10) (S 20,21,21) (S 21,22,22) (S 32,33,33) (D 0,11,11)
0 1 2 1624 1923 7 (D 0,11,11) (S 11,12,12) (S 22,23,23) (S 23,24,24) (S 24,25,25) (S 25,26,26) (D 0,11,11)
0 1 3 1596 2118 9 (D 0,11,11) (S 12,13,13) (S 13,14,14) (S 14,15,15) (S 15,16,16) (S 6,6,6) (S 5,5,5) (S 16,17,17) (D 0,11,11)
0 1 4 1631 2417 10 (D 0,11,11) (S 3,3,3) (S 4,4,4) (S 7,7,7) (S 8,8,8) (S 9,9,9) (S 19,20,20) (S 30,31,31) (S 46,47,47) (D 0,11,11)
0 1 5 1626 2180 9 (D 0,11,11) (S 33,34,34) (S 34,35,35) (S 43,44,44) (S 54,55,55) (S 55,56,56) (S 65,66,66) (S 86,87,87) (D 0,11,11)
0 1 6 1604 2193 9 (D 0,11,11) (S 31,32,32) (S 51,52,52) (S 71,72,72) (S 84,85,85) (S 85,86,86) (S 73,74,74) (S 74,75,75) (D 0,11,11)
0 1 7 1600 2096 6 (D 0,11,11) (S 52,53,53) (S 53,54,54) (S 64,65,65) (S 66,67,67) (D 0,11,11)
0 1 8 1617 2177 7 (D 0,11,11) (S 72,73,73) (S 75,76,76) (S 76,77,77) (S 77,78,78) (S 57,58,58) (D 0,11,11)
0 1 9 1627 2135 8 (D 0,11,11) (S 35,36,36) (S 36,37,37) (S 37,38,38) (S 38,39,39) (S 39,40,40) (S 40,41,41) (D 0,11,11)
0 1 10 1613 2179 7 (D 0,11,11) (S 26,27,27) (S 27,28,28) (S 28,29,29) (S 29,30,30) (S 18,19,19) (D 0,11,11)
0 1 11 1608 2191 8 (D 0,11,11) (S 44,45,45) (S 45,46,46) (S 56,57,57) (S 67,68,68) (S 68,69,69) (S 59,60,60) (D 0,11,11)
0 1 12 1635 2485 9 (D 0,11,11) (S 17,18,18) (S 41,42,42) (S 50,51,51) (S 61,62,62) (S 62,63,63) (S 82,83,83) (S 91,92,92) (D 0,11,11)
0 1 13 1555 2176 8 (D 0,11,11) (S 47,48,48) (S 48,49,49) (S 49,50,50) (S 60,61,61) (S 70,71,71) (S 69,70,70) (D 0,11,11)
0 1 14 1537 2256 7 (D 0,11,11) (S 58,59,59) (S 78,79,79) (S 79,80,80) (S 80,81,81) (S 81,82,82) (D 0,11,11)
0 1 15 1496 2197 6 (D 0,11,11) (S 87,88,88) (S 88,89,89) (S 89,90,90) (S 90,91,91) (D 0,11,11)
0 1 16 1267 2129 6 (D 0,11,11) (S 42,43,43) (S 63,64,64) (S 83,84,84) (S 93,94,94) (D 0,11,11)
0 1 17 487 1269 3 (D 0,11,11) (S 92,93,93) (D 0,11,11)
