34517
27
49836079
294832138
0 1 1 235 1212 12 (D 0,1,1) (S 169,1,116) (S 170,116,117) (S 172,117,118) (S 268,118,117) (S 173,117,119) (S 269,119,117) (S 266,117,116) (S 265,116,1) (S 264,114,113) (S 151,97,98) (D 0,1,1)
0 1 2 233 808 17 (D 0,1,1) (S 267,117,2) (S 45,2,2) (S 171,2,117) (S 19,120,120) (S 41,122,122) (S 9,87,87) (S 240,87,86) (S 144,86,87) (S 239,86,85) (S 143,85,86) (S 238,85,84) (S 142,84,85) (S 236,84,82) (S 138,82,83) (S 234,83,82) (D 0,1,1)
0 1 3 234 1134 11 (D 0,1,1) (S 49,114,114) (S 174,114,118) (S 270,118,114) (S 168,113,114) (S 262,113,112) (S 166,112,113) (S 263,113,103) (S 260,112,110) (S 119,67,69) (D 0,1,1)
0 1 4 234 899 12 (D 0,1,1) (S 261,112,107) (S 159,107,108) (S 18,108,108) (S 161,108,109) (S 255,108,107) (S 162,107,110) (S 163,110,111) (S 13,111,111) (S 259,111,110) (S 164,110,112) (D 0,1,1)
0 1 5 235 1206 15 (D 0,1,1) (S 165,107,112) (S 254,107,106) (S 44,106,106) (S 158,106,107) (S 258,110,107) (S 256,108,106) (S 160,106,108) (S 253,106,105) (S 157,105,106) (S 252,105,104) (S 26,104,104) (S 156,104,105) (S 247,98,97) (D 0,1,1)
0 1 6 235 1050 18 (D 0,1,1) (S 34,123,123) (S 176,124,126) (S 50,126,126) (S 177,126,127) (S 3,127,127) (S 178,127,128) (S 180,128,129) (S 276,129,128) (S 274,128,127) (S 181,127,129) (S 277,129,127) (S 273,127,126) (S 182,126,130) (S 272,126,124) (S 184,131,132) (S 185,132,133) (D 0,1,1)
0 1 7 235 1105 12 (D 0,1,1) (S 15,103,103) (S 167,103,113) (S 251,104,102) (S 22,102,102) (S 155,102,104) (S 31,94,94) (S 243,93,64) (S 115,64,65) (S 211,65,64) (S 199,56,55) (D 0,1,1)
0 1 8 235 1261 9 (D 0,1,1) (S 271,124,4) (S 175,4,124) (S 183,126,131) (S 16,131,131) (S 279,131,126) (S 35,132,132) (S 92,42,47) (D 0,1,1)
0 1 9 232 1078 13 (D 0,1,1) (S 193,125,138) (S 287,138,136) (S 46,136,136) (S 190,136,137) (S 286,137,136) (S 191,136,138) (S 288,138,131) (S 192,131,138) (S 289,138,125) (S 188,134,135) (S 282,134,133) (D 0,1,1)
0 1 10 234 1025 17 (D 0,1,1) (S 237,84,83) (S 141,83,84) (S 140,82,84) (S 146,82,92) (S 241,92,89) (S 145,89,92) (S 242,92,82) (S 233,82,80) (S 39,80,80) (S 136,80,81) (S 139,81,83) (S 235,83,81) (S 231,81,79) (S 134,79,80) (S 230,80,79) (D 0,1,1)
0 1 11 235 1491 15 (D 0,1,1) (S 285,136,134) (S 189,134,136) (S 27,133,133) (S 186,133,134) (S 187,133,135) (S 283,135,133) (S 281,133,132) (S 280,132,131) (S 284,135,134) (S 278,130,126) (S 137,80,82) (S 232,81,80) (S 77,35,36) (D 0,1,1)
0 1 12 235 1381 17 (D 0,1,1) (S 275,128,3) (S 179,3,128) (S 135,79,81) (S 229,79,78) (S 133,78,79) (S 228,78,77) (S 28,77,77) (S 132,77,78) (S 226,77,76) (S 130,76,77) (S 227,77,46) (S 93,46,47) (S 87,42,43) (S 94,43,46) (S 91,34,45) (D 0,1,1)
0 1 13 235 1268 15 (D 0,1,1) (S 117,66,67) (S 118,67,68) (S 214,68,67) (S 213,67,66) (S 212,66,62) (S 113,62,63) (S 114,63,64) (S 147,64,93) (S 244,93,63) (S 148,63,93) (S 209,63,62) (S 210,64,63) (S 103,55,56) (D 0,1,1)
0 1 14 232 1254 15 (D 0,1,1) (S 250,100,99) (S 12,99,99) (S 154,99,100) (S 248,99,96) (S 4,96,96) (S 150,96,97) (S 153,97,99) (S 249,99,97) (S 246,97,96) (S 152,96,99) (S 245,96,95) (S 149,95,96) (S 120,69,70) (D 0,1,1)
0 1 15 234 1069 14 (D 0,1,1) (S 122,69,71) (S 2,71,71) (S 123,71,72) (S 124,72,73) (S 126,73,74) (S 129,74,76) (S 224,76,75) (S 11,75,75) (S 128,75,76) (S 225,76,74) (S 222,74,73) (S 215,69,67) (D 0,1,1)
0 1 16 235 1284 16 (D 0,1,1) (S 217,71,70) (S 24,70,70) (S 121,70,71) (S 218,71,69) (S 216,70,69) (S 293,70,58) (S 106,58,59) (S 107,59,60) (S 109,60,61) (S 47,61,61) (S 205,61,60) (S 203,60,59) (S 25,45,45) (S 81,38,39) (D 0,1,1)
0 1 17 234 1442 10 (D 0,1,1) (S 257,109,108) (S 20,95,95) (S 116,62,66) (S 208,62,57) (S 105,57,58) (S 197,58,70) (S 201,58,57) (S 219,72,71) (D 0,1,1)
0 1 18 235 1324 13 (D 0,1,1) (S 125,72,74) (S 221,74,72) (S 220,73,72) (S 223,73,44) (S 48,44,44) (S 90,44,45) (S 108,45,60) (S 204,60,45) (S 75,34,139) (S 95,33,139) (S 74,11,33) (D 0,1,1)
0 1 19 232 1249 11 (D 0,1,1) (S 131,46,77) (S 89,43,44) (S 127,44,73) (S 76,34,35) (S 21,35,35) (S 78,35,37) (S 86,37,42) (S 88,37,43) (S 7,36,36) (D 0,1,1)
0 1 20 234 1326 13 (D 0,1,1) (S 112,57,62) (S 200,57,56) (S 104,56,57) (S 194,55,140) (S 290,140,55) (S 198,55,54) (S 102,54,55) (S 195,54,140) (S 291,140,54) (S 43,49,49) (S 101,49,140) (D 0,1,1)
0 1 21 235 1596 14 (D 0,1,1) (S 110,59,61) (S 206,61,59) (S 202,59,58) (S 207,61,49) (S 111,49,61) (S 5,48,48) (S 96,48,49) (S 97,48,50) (S 98,50,51) (S 42,51,51) (S 99,52,53) (S 56,12,13) (D 0,1,1)
0 1 22 234 1555 11 (D 0,1,1) (S 79,36,37) (S 80,36,38) (S 32,38,38) (S 84,38,41) (S 10,41,41) (S 85,41,47) (S 14,39,39) (S 69,28,29) (S 70,28,30) (D 0,1,1)
0 1 23 234 1583 13 (D 0,1,1) (S 82,39,40) (S 83,40,41) (S 55,11,12) (S 23,12,12) (S 60,12,20) (S 8,20,20) (S 61,20,21) (S 1,21,21) (S 62,20,22) (S 36,24,24) (S 68,27,28) (D 0,1,1)
0 1 24 233 1636 11 (D 0,1,1) (S 100,53,140) (S 196,11,27) (S 292,27,11) (S 6,13,13) (S 57,13,14) (S 40,14,14) (S 58,13,16) (S 59,10,19) (S 52,6,8) (D 0,1,1)
0 1 25 226 1553 11 (D 0,1,1) (S 73,29,33) (S 38,28,28) (S 33,30,30) (S 71,30,31) (S 64,23,24) (S 65,24,25) (S 29,25,25) (S 67,25,27) (S 37,32,32) (D 0,1,1)
0 1 26 226 1709 8 (D 0,1,1) (S 72,30,32) (S 66,25,26) (S 63,20,24) (S 30,8,8) (S 53,8,9) (S 54,8,11) (D 0,1,1)
0 1 27 39 1019 4 (D 0,1,1) (S 17,7,7) (S 51,5,6) (D 0,1,1)
