-11290
10
2289808
0
0 1 1 70 57 14 (D 0,1,1) (S 96,10,11) (S 68,11,12) (S 15,18,18) (S 55,17,18) (S 14,17,17) (S 70,17,10) (S 84,10,17) (S 8,10,10) (S 44,5,10) (S 3,5,5) (S 1,2,2) (S 78,1,5) (D 0,1,1)
0 1 2 70 105 15 (D 0,1,1) (S 89,1,16) (S 13,16,16) (S 86,16,17) (S 59,17,24) (S 19,24,24) (S 63,24,30) (S 24,30,30) (S 49,30,38) (S 47,38,46) (S 52,46,50) (S 36,46,46) (S 30,38,38) (S 104,38,36) (D 0,1,1)
0 1 3 70 102 15 (D 0,1,1) (S 99,23,29) (S 116,36,38) (S 53,35,36) (S 21,27,27) (S 22,28,28) (S 61,23,28) (S 18,23,23) (S 71,14,22) (S 17,22,22) (S 73,22,14) (S 11,14,14) (S 60,9,14) (S 7,9,9) (D 0,1,1)
0 1 4 70 14 17 (D 0,1,1) (S 74,15,16) (S 90,16,15) (S 45,28,36) (S 54,36,44) (S 106,37,38) (S 77,29,37) (S 62,37,29) (S 23,29,29) (S 110,24,29) (S 98,29,23) (S 115,23,24) (S 57,15,24) (S 102,15,23) (S 12,15,15) (S 76,5,1) (D 0,1,1)
0 1 5 69 106 13 (D 0,1,1) (S 31,39,39) (S 91,39,31) (S 72,31,39) (S 25,31,31) (S 42,32,40) (S 26,32,32) (S 88,32,31) (S 95,19,32) (S 50,11,18) (S 87,6,11) (S 4,6,6) (D 0,1,1)
0 1 6 70 103 15 (D 0,1,1) (S 46,21,22) (S 10,13,13) (S 93,6,5) (S 94,11,6) (S 40,12,19) (S 9,12,12) (S 82,12,7) (S 5,7,7) (S 51,4,7) (S 105,4,3) (S 2,3,3) (S 113,3,2) (S 41,2,5) (D 0,1,1)
0 1 7 69 -12034 13 (D 0,1,1) (S 48,28,29) (S 67,30,17) (S 100,39,30) (S 79,47,39) (S 37,47,47) (S 101,39,47) (S 85,48,49) (S 108,43,48) (S 34,43,43) (S 29,35,35) (S 83,26,25) (D 0,1,1)
0 1 8 68 98 14 (D 0,1,1) (S 112,13,22) (S 58,21,26) (S 20,26,26) (S 80,25,26) (S 75,25,33) (S 97,33,34) (S 28,34,34) (S 33,42,42) (S 32,41,41) (S 27,33,33) (S 103,33,25) (S 114,25,20) (D 0,1,1)
0 1 9 67 60 13 (D 0,1,1) (S 107,27,35) (S 109,43,44) (S 35,44,44) (S 81,44,43) (S 92,48,43) (S 65,49,48) (S 56,45,48) (S 43,45,50) (S 39,50,50) (S 38,49,49) (S 64,49,45) (D 0,1,1)
0 1 10 31 99 7 (D 0,1,1) (S 16,20,20) (S 6,8,8) (S 69,8,13) (S 111,45,49) (S 66,45,44) (D 0,1,1)
