297
6
157472
0
0 1 1 27 43 7 (D 0,1,1) (S 12,1,9) (S 6,9,9) (S 3,6,6) (S 22,6,11) (S 4,7,7) (D 0,1,1)
0 1 2 27 49 8 (D 0,1,1) (S 15,1,7) (S 11,7,9) (S 27,2,9) (S 10,6,10) (S 5,8,8) (S 1,2,2) (D 0,1,1)
0 1 3 27 61 9 (D 0,1,1) (S 31,1,5) (S 24,2,6) (S 21,1,6) (S 13,2,4) (S 14,4,7) (S 20,7,8) (S 16,1,10) (D 0,1,1)
0 1 4 27 46 9 (D 0,1,1) (S 9,3,6) (S 28,2,5) (S 18,5,7) (S 23,1,8) (S 8,3,10) (S 25,2,3) (S 2,3,3) (D 0,1,1)
0 1 5 22 38 5 (D 0,1,1) (S 7,11,11) (S 26,7,10) (S 19,3,11) (D 0,1,1)
0 1 6 24 60 5 (D 0,1,1) (S 29,3,5) (S 30,4,9) (S 17,4,8) (D 0,1,1)
