24418
26
1159615
0
0 1 1 1544 2091 6 (D 0,22,22) (S 56,29,37) (S 44,23,24) (S 46,24,32) (S 42,22,23) (D 0,22,22)
0 1 2 1546 2035 7 (D 0,22,22) (S 57,29,38) (S 58,30,31) (S 60,31,32) (S 62,32,40) (S 43,22,30) (D 0,22,22)
0 1 3 1472 1882 5 (D 0,22,22) (S 59,30,39) (S 75,39,40) (S 77,40,41) (D 0,22,22)
0 1 4 1538 2135 6 (D 0,22,22) (S 45,23,31) (S 61,31,40) (S 78,40,51) (S 71,37,38) (D 0,22,22)
0 1 5 1511 1984 6 (D 0,22,22) (S 76,39,50) (S 55,29,30) (S 41,21,29) (S 40,21,22) (D 0,22,22)
0 1 6 1550 2201 6 (D 0,22,22) (S 91,51,52) (S 27,14,24) (S 25,13,14) (S 23,12,13) (D 0,22,22)
0 1 7 1544 1897 6 (D 0,22,22) (S 32,17,21) (S 31,16,21) (S 30,16,17) (S 24,12,22) (D 0,22,22)
0 1 8 1540 2099 6 (D 0,22,22) (S 20,10,16) (S 11,6,7) (S 13,7,14) (S 26,13,23) (D 0,22,22)
0 1 9 1477 1883 5 (D 0,22,22) (S 21,11,12) (S 9,5,6) (S 12,6,13) (D 0,22,22)
0 1 10 1527 -26236 7 (D 0,22,22) (S 5,3,4) (S 22,11,17) (S 18,10,11) (S 29,15,20) (S 28,15,16) (D 0,22,22)
0 1 11 1466 1864 5 (D 0,22,22) (S 38,20,28) (S 53,28,29) (S 37,20,21) (D 0,22,22)
0 1 12 1563 2324 6 (D 0,22,22) (S 90,50,51) (S 73,38,39) (S 39,20,29) (S 17,9,19) (D 0,22,22)
0 1 13 1436 2100 6 (D 0,22,22) (S 10,5,12) (S 7,4,5) (S 8,4,11) (S 16,9,10) (D 0,22,22)
0 1 14 1454 1984 5 (D 0,22,22) (S 19,10,15) (S 54,28,37) (S 88,48,49) (D 0,22,22)
0 1 15 1554 2381 6 (D 0,22,22) (S 63,32,41) (S 79,41,52) (S 89,49,50) (S 84,44,47) (D 0,22,22)
0 1 16 1467 2097 5 (D 0,22,22) (S 74,38,49) (S 72,37,48) (S 87,47,48) (D 0,22,22)
0 1 17 1523 1984 5 (D 0,22,22) (S 51,27,28) (S 36,19,26) (S 35,19,20) (D 0,22,22)
0 1 18 1520 2441 7 (D 0,22,22) (S 48,25,33) (S 14,8,9) (S 4,2,9) (S 3,2,3) (S 6,3,10) (D 0,22,22)
0 1 19 1470 1955 6 (D 0,22,22) (S 52,27,36) (S 83,43,46) (S 68,35,36) (S 70,36,37) (D 0,22,22)
0 1 20 1312 1720 4 (D 0,22,22) (S 50,26,35) (S 49,26,27) (D 0,22,22)
0 1 21 1315 1882 5 (D 0,22,22) (S 33,18,19) (S 34,18,25) (S 47,25,26) (D 0,22,22)
0 1 22 1505 2002 5 (D 0,22,22) (S 69,35,44) (S 82,43,44) (S 66,34,35) (D 0,22,22)
0 1 23 1490 2101 5 (D 0,22,22) (S 15,8,18) (S 65,33,42) (S 64,33,34) (D 0,22,22)
0 1 24 1552 2094 5 (D 0,22,22) (S 67,34,43) (S 81,42,45) (S 80,42,43) (D 0,22,22)
0 1 25 1504 2306 5 (D 0,22,22) (S 86,46,47) (S 2,1,8) (S 1,1,2) (D 0,22,22)
0 1 26 708 1212 3 (D 0,22,22) (S 85,45,46) (D 0,22,22)
