1007
8
922076
625402
0 1 1 40 87 7 (D 0,1,1) (S 21,1,2) (S 18,2,4) (S 17,4,5) (S 19,5,10) (S 10,20,20) (D 0,1,1)
0 1 2 40 95 8 (D 0,1,1) (S 43,1,3) (S 1,3,3) (S 24,3,9) (S 15,9,10) (S 40,10,20) (S 41,10,11) (D 0,1,1)
0 1 3 39 95 6 (D 0,1,1) (S 29,3,1) (S 42,9,19) (S 9,19,19) (S 11,22,22) (D 0,1,1)
0 1 4 40 123 10 (D 0,1,1) (S 45,9,3) (S 26,5,11) (S 4,11,11) (S 20,11,15) (S 6,15,15) (S 33,15,16) (S 16,16,17) (S 31,14,18) (D 0,1,1)
0 1 5 39 124 8 (D 0,1,1) (S 28,19,9) (S 13,20,21) (S 32,21,24) (S 12,24,24) (S 44,24,21) (S 36,21,15) (D 0,1,1)
0 1 6 39 178 8 (D 0,1,1) (S 48,11,5) (S 35,20,10) (S 27,23,24) (S 34,23,22) (S 46,23,20) (S 25,16,12) (D 0,1,1)
0 1 7 40 145 9 (D 0,1,1) (S 37,16,15) (S 7,17,17) (S 39,17,13) (S 23,13,17) (S 5,12,12) (S 14,12,13) (S 3,7,7) (D 0,1,1)
0 1 8 33 160 8 (D 0,1,1) (S 47,12,11) (S 8,18,18) (S 38,14,13) (S 22,8,14) (S 30,8,7) (S 2,6,6) (D 0,1,1)
