827
7
194616
35677
0 1 1 41 258 9 (D 0,1,1) (S 11,1,7) (S 4,7,7) (S 12,7,8) (S 7,8,10) (S 24,1,6) (S 22,6,9) (S 8,3,8) (D 0,1,1)
0 1 2 41 93 7 (D 0,1,1) (S 21,1,5) (S 3,5,5) (S 18,5,6) (S 9,6,7) (S 2,4,4) (D 0,1,1)
0 1 3 41 152 7 (D 0,1,1) (S 16,7,10) (S 10,4,1) (S 14,4,2) (S 13,3,7) (S 26,5,7) (D 0,1,1)
0 1 4 40 99 5 (D 0,1,1) (S 23,4,5) (S 1,2,2) (S 19,9,10) (D 0,1,1)
0 1 5 36 100 5 (D 0,1,1) (S 15,3,1) (S 25,3,6) (S 17,2,8) (D 0,1,1)
0 1 6 27 66 4 (D 0,1,1) (S 20,2,3) (S 6,9,9) (D 0,1,1)
0 1 7 19 59 3 (D 0,1,1) (S 5,8,8) (D 0,1,1)
