955
6
321497
172224
0 1 1 5 144 7 (D 0,1,1) (S 5,1,2) (S 4,2,2) (S 10,2,3) (S 2,3,3) (S 13,3,4) (D 0,1,1)
0 1 2 5 119 7 (D 0,1,1) (S 6,1,4) (S 16,4,11) (S 1,11,11) (S 15,11,3) (S 14,3,5) (D 0,1,1)
0 1 3 5 163 7 (D 0,1,1) (S 7,1,7) (S 23,7,12) (S 9,12,1) (S 29,1,10) (S 8,10,1) (D 0,1,1)
0 1 4 5 120 7 (D 0,1,1) (S 11,2,4) (S 18,11,5) (S 17,5,6) (S 3,6,6) (S 20,6,7) (D 0,1,1)
0 1 5 5 231 7 (D 0,1,1) (S 27,10,8) (S 22,8,7) (S 26,12,11) (S 19,5,12) (S 28,10,9) (D 0,1,1)
0 1 6 4 178 6 (D 0,1,1) (S 24,8,10) (S 12,9,2) (S 21,6,12) (S 25,9,10) (D 0,1,1)
