720
10
8630496
1569390
0 1 1 27 71 8 (D 0,1,1) (S 15,1,15) (S 6,15,15) (S 34,15,17) (S 7,17,17) (S 37,1,27) (S 36,25,26) (D 0,1,1)
0 1 2 27 74 8 (D 0,1,1) (S 26,1,19) (S 24,2,12) (S 12,12,13) (S 10,13,14) (S 22,18,25) (S 30,16,17) (D 0,1,1)
0 1 3 27 78 7 (D 0,1,1) (S 25,2,1) (S 9,24,24) (S 23,23,24) (S 38,23,26) (S 32,22,25) (D 0,1,1)
0 1 4 27 65 5 (D 0,1,1) (S 1,3,3) (S 13,3,8) (S 21,6,8) (D 0,1,1)
0 1 5 26 66 5 (D 0,1,1) (S 31,13,15) (S 5,14,14) (S 8,21,21) (D 0,1,1)
0 1 6 25 85 6 (D 0,1,1) (S 29,26,27) (S 18,22,23) (S 11,21,22) (S 27,18,21) (D 0,1,1)
0 1 7 25 54 5 (D 0,1,1) (S 4,6,6) (S 3,5,5) (S 14,4,10) (D 0,1,1)
0 1 8 26 109 6 (D 0,1,1) (S 35,14,18) (S 17,21,25) (S 33,20,21) (S 16,10,11) (D 0,1,1)
0 1 9 21 72 5 (D 0,1,1) (S 19,8,9) (S 20,5,6) (S 28,7,11) (D 0,1,1)
0 1 10 18 46 3 (D 0,1,1) (S 2,4,4) (D 0,1,1)
